6:
001011111000
010110110100
100011110100
010111001100
110100101100
011100101100
110010011100
010110011100
001110110010
110011001010
111010000110
001111000110
110010010110
011010010110
010001110110
011001001110
100100101110
001100101110
110000011110
100100011110
000110011110

15:
101110011010110011100111000000
011100100001101110111101100000
000110111111011000111010010000
110111111011000001100101001000
101010110111000011110101001000
110010100111111000001111001000
101101001111110010110000101000
000011100110100110111101011000
101000111001000110110111011000
001001110011010011011100111000
111101000111001010011100100100
100011001111110100011010100100
010101101110110100100011100100
100011101000111011010011100100
010011111100001111100100010100
011011110101100000011100110100
001110001100010110110110110100
111001110100001100100101110100
101100101000101001111110001100
101000000100111011101011101100
110010101101110010100100011100
111001000010011011000110111100
011100101011011111001100000010
101111101100011011001000100010
101010011111100000111100100010
110001011110101011100010100010
011011011011010001110001100010
000010011111010101110110010010
101001010001010111011101010010
110010100010100111111000110010
100100001001111100011011110010
000100010101101101101011101010
001101110011100001001110011010
110110010110000100101001111010
010111011001001000010011111010
011011101100011000111001000110
000111001000110110111011000110
100011011100111000010011100110
000000111001101011010111010110
010010001110010010101101110110
000111010010000001101111110110
110010001010001011111100001110
111110000111010010001010001110
100111001110100010100100101110
110001010001010001011110101110
001001000100111101110001101110
100001101110101101100000011110
111001100101100010001010011110

16:
01001110110101011001100010110010
10110011101001101011000100101010

17:
0010110011101011100110111010100000
1001001100111010110010101110101000
0110101000101011111011001100010100
0110101000111100100010111110010010
0001011111001001011010100011110010
1000001101101110010111000011011010
1100100101110101010010001100111010
0100011110010010111111001001000110
1010000011011011100101110000110110
1110010010001100100111100100101110
0011011101010000001011001110101110

18:
111101110011101010110000010111000000
111101010011101110110000010111000000
001011000100011101111010001111110000
111100101110000001001111001110101000
111100001111101000011101000101011000
110011111011000001001010011101011000
001011101010011101011110000010111000
111000101110000001011101001110111000
111101100000100111100110101100010100
011101110001000110111000000111110100
011101010001010110111000000111110100
110010111000000111011100111010100010
110000111110100011110100010101100010
100010111000000111110100111011100010
011100000011111010011101110001000110
011100000011111010011101010001010110
110011101110001000010111000000111110
110011101010001010010111000000111110

19:
00110001011111000101101011000101101100
01101011000101101100011000101111100010

21:
111011101111010110001000111100011100000000
111011011101110000111010011110001010000000
101110001111111101010110000101001110000000
000001011101111010110011100111100011100000
110011110001100001110001011111110100010000
111111110101100010010100111000001101010000
110011100011010100001011111110110001001000

22:
11111000101111001100110010100110110101000000
11011100101011100111001011100100110011000000
01101010000100010110111101101101110111000000
